61313 	 0.17695148 	 0.32614852 	 0.000115573 	nan 	nan 	nan 	 0.15162 	 0.04882
61314 	 0.17684502 	 0.32579516 	 0.000355959 	nan 	nan 	nan 	 0.23731 	 0.01422
61315 	 0.17571205 	 0.32535812 	 0.000599384 	nan 	nan 	nan 	 0.23822 	 0.03736
61316 	 0.17389792 	 0.32406784 	 0.000637531 	nan 	nan 	nan 	 0.26776 	 0.06193
61317 	 0.17110312 	 0.32293560 	 0.000956535 	nan 	nan 	nan 	 0.29095 	 0.13306
61318 	 0.16796859 	 0.32227415 	 0.000357628 	nan 	nan 	nan 	 0.27210 	 0.22126
61319 	 0.16408850 	 0.32173105 	 0.000935555 	nan 	nan 	nan 	 0.29823 	 0.28479
61320 	 0.16313922 	 0.32173590 	 0.001541138 	nan 	nan 	nan 	 0.31335 	 0.30734
61321 	 0.16087579 	 0.32201938 	 0.000785828 	nan 	nan 	nan 	 0.34184 	 0.23576
61322 	 0.16166413 	 0.32166926 	-0.000534058 	nan 	nan 	nan 	 0.32468 	 0.13661
61323 	 0.16167426 	 0.32224761 	 0.000438690 	nan 	nan 	nan 	 0.26596 	 0.02811
