61299 	 0.19005287 	 0.32821014 	 0.000054061 	nan 	nan 	nan 	 0.19899 	-0.07489
61300 	 0.18889560 	 0.32697579 	 0.000226021 	nan 	nan 	nan 	 0.29510 	-0.09638
61301 	 0.18820021 	 0.32626140 	 0.000438690 	nan 	nan 	nan 	 0.21859 	-0.00194
61302 	 0.18795964 	 0.32705935 	 0.000373363 	nan 	nan 	nan 	 0.20751 	 0.01641
61303 	 0.18784003 	 0.32792628 	 0.000917435 	nan 	nan 	nan 	 0.21024 	 0.03803
61304 	 0.18726635 	 0.32888627 	 0.000879288 	nan 	nan 	nan 	 0.20135 	 0.03896
61305 	 0.18598695 	 0.32956374 	 0.000609398 	nan 	nan 	nan 	 0.21224 	 0.01684
61306 	 0.18465070 	 0.32908251 	 0.001338959 	nan 	nan 	nan 	 0.22779 	 0.02120
61307 	 0.18194239 	 0.32771945 	-0.000289917 	nan 	nan 	nan 	 0.21638 	 0.01409
61308 	 0.17890939 	 0.32606058 	-0.002101898 	nan 	nan 	nan 	 0.19691 	-0.03976
61309 	 0.17743436 	 0.32405232 	-0.001842499 	nan 	nan 	nan 	 0.20135 	-0.00301
