61320 	 0.16934445 	 0.32245960 	 0.000063539 	nan 	nan 	nan 	 0.32350 	 0.20338
61321 	 0.16947876 	 0.32237503 	 0.000182390 	nan 	nan 	nan 	 0.47056 	 0.15353
61322 	 0.16834624 	 0.32190928 	 0.000205994 	nan 	nan 	nan 	 0.40738 	 0.07790
61323 	 0.16682115 	 0.32129262 	 0.000057220 	nan 	nan 	nan 	 0.33895 	 0.00490
61324 	 0.16527352 	 0.32070256 	 0.000154495 	nan 	nan 	nan 	 0.22684 	-0.10256
61325 	 0.16304932 	 0.32045684 	-0.000272751 	nan 	nan 	nan 	 0.17064 	-0.11227
61326 	 0.16235133 	 0.32010519 	-0.000088215 	nan 	nan 	nan 	 0.17929 	-0.15604
61327 	 0.16172168 	 0.31993463 	 0.000370026 	nan 	nan 	nan 	 0.19576 	-0.19972
61328 	 0.16163276 	 0.31946908 	-0.000682831 	nan 	nan 	nan 	 0.19870 	-0.10980
61329 	 0.16209456 	 0.31938486 	-0.001663208 	nan 	nan 	nan 	 0.17781 	-0.09577
61330 	 0.16284276 	 0.31909340 	-0.001113892 	nan 	nan 	nan 	 0.19947 	-0.05418
