61306 	 0.18189649 	 0.32756487 	-0.000222504 	nan 	nan 	nan 	 0.17923 	 0.03105
61307 	 0.18058431 	 0.32740757 	-0.000658274 	nan 	nan 	nan 	 0.23893 	 0.00249
61308 	 0.18017014 	 0.32725686 	-0.001371384 	nan 	nan 	nan 	 0.22447 	 0.01596
61309 	 0.17979863 	 0.32725002 	-0.002537489 	nan 	nan 	nan 	 0.18846 	 0.03459
61310 	 0.17948824 	 0.32745665 	-0.003273964 	nan 	nan 	nan 	 0.15824 	 0.03662
61311 	 0.17881783 	 0.32673568 	-0.004119873 	nan 	nan 	nan 	 0.12989 	 0.04288
61312 	 0.17572315 	 0.32663314 	-0.004765034 	nan 	nan 	nan 	 0.10130 	 0.07954
61313 	 0.17340237 	 0.32537815 	-0.005037308 	nan 	nan 	nan 	 0.11751 	 0.06209
61314 	 0.17068578 	 0.32521411 	-0.006633759 	nan 	nan 	nan 	 0.10058 	 0.08545
61315 	 0.16880935 	 0.32320349 	-0.006919861 	nan 	nan 	nan 	 0.18096 	 0.08138
61316 	 0.16544295 	 0.32285868 	-0.006561279 	nan 	nan 	nan 	 0.19068 	 0.10231
