61320 	 0.16895765 	 0.32243336 	 0.000025630 	nan 	nan 	nan 	 0.33192 	 0.21891
61321 	 0.16770636 	 0.32233256 	 0.000213563 	nan 	nan 	nan 	 0.42887 	 0.18560
61322 	 0.16709424 	 0.32239526 	-0.000080109 	nan 	nan 	nan 	 0.42044 	 0.09857
61323 	 0.16673825 	 0.32197870 	-0.000218391 	nan 	nan 	nan 	 0.30690 	 0.01731
61324 	 0.16621808 	 0.32161865 	-0.000631332 	nan 	nan 	nan 	 0.20976 	-0.05596
61325 	 0.16522941 	 0.32135285 	-0.000662565 	nan 	nan 	nan 	 0.17983 	-0.08185
61326 	 0.16428484 	 0.32084254 	-0.000574112 	nan 	nan 	nan 	 0.20026 	-0.12422
61327 	 0.16430085 	 0.32033667 	-0.001743317 	nan 	nan 	nan 	 0.20722 	-0.11738
61328 	 0.16449768 	 0.31991425 	-0.002202988 	nan 	nan 	nan 	 0.20217 	-0.09233
61329 	 0.16459822 	 0.31893811 	-0.003387451 	nan 	nan 	nan 	 0.19609 	-0.05137
61330 	 0.15958787 	 0.31816741 	-0.003625870 	nan 	nan 	nan 	 0.18816 	-0.03009
