61306 	 0.18255197 	 0.32782989 	-0.000282288 	nan 	nan 	nan 	 0.20265 	 0.07085
61307 	 0.18156842 	 0.32731374 	-0.000594139 	nan 	nan 	nan 	 0.24151 	 0.00001
61308 	 0.18013532 	 0.32686526 	-0.001646757 	nan 	nan 	nan 	 0.25341 	 0.02104
61309 	 0.17975456 	 0.32628080 	-0.002681732 	nan 	nan 	nan 	 0.21607 	 0.02328
61310 	 0.17831306 	 0.32588168 	-0.003871679 	nan 	nan 	nan 	 0.16904 	 0.07988
61311 	 0.17727259 	 0.32526849 	-0.004822016 	nan 	nan 	nan 	 0.13231 	 0.06214
61312 	 0.17508168 	 0.32534395 	-0.005753994 	nan 	nan 	nan 	 0.13019 	 0.07593
61313 	 0.17499687 	 0.32504285 	-0.006775379 	nan 	nan 	nan 	 0.10546 	 0.06206
61314 	 0.17432991 	 0.32457195 	-0.007299423 	nan 	nan 	nan 	 0.11262 	 0.07276
61315 	 0.17171367 	 0.32424029 	-0.008956909 	nan 	nan 	nan 	 0.14637 	 0.12322
61316 	 0.17033659 	 0.32443401 	-0.010046005 	nan 	nan 	nan 	 0.20112 	 0.14933
