61313 	 0.17643422 	 0.32608269 	 0.000064850 	nan 	nan 	nan 	 0.18131 	 0.05840
61314 	 0.17470458 	 0.32582135 	 0.000340343 	nan 	nan 	nan 	 0.19802 	 0.00285
61315 	 0.17314334 	 0.32518636 	 0.000253201 	nan 	nan 	nan 	 0.24284 	 0.04091
61316 	 0.17227403 	 0.32445806 	 0.000370979 	nan 	nan 	nan 	 0.29525 	 0.07901
61317 	 0.17092192 	 0.32383787 	 0.000284910 	nan 	nan 	nan 	 0.27736 	 0.16715
61318 	 0.16993540 	 0.32337211 	 0.000254273 	nan 	nan 	nan 	 0.32911 	 0.25920
61319 	 0.16817527 	 0.32326639 	 0.000460625 	nan 	nan 	nan 	 0.32838 	 0.28989
61320 	 0.16880452 	 0.32309675 	-0.000456333 	nan 	nan 	nan 	 0.33519 	 0.29485
61321 	 0.16802068 	 0.32300086 	-0.001089096 	nan 	nan 	nan 	 0.33713 	 0.25649
61322 	 0.16749313 	 0.32314764 	-0.001815796 	nan 	nan 	nan 	 0.31399 	 0.20219
61323 	 0.16431745 	 0.32290005 	-0.001840591 	nan 	nan 	nan 	 0.26798 	 0.10590
