61299 	 0.19088362 	 0.32889264 	 0.000038147 	nan 	nan 	nan 	 0.21628 	-0.00642
61300 	 0.19063826 	 0.32879609 	 0.000254929 	nan 	nan 	nan 	 0.24985 	-0.13387
61301 	 0.18976424 	 0.32879329 	 0.000180721 	nan 	nan 	nan 	 0.26603 	-0.04972
61302 	 0.18996638 	 0.32835344 	 0.000286102 	nan 	nan 	nan 	 0.22907 	 0.02399
61303 	 0.18871959 	 0.32788502 	 0.000200510 	nan 	nan 	nan 	 0.20667 	 0.06228
61304 	 0.18694894 	 0.32712101 	 0.000392079 	nan 	nan 	nan 	 0.21617 	 0.05747
61305 	 0.18590325 	 0.32613491 	 0.000566959 	nan 	nan 	nan 	 0.21570 	 0.02638
61306 	 0.18324924 	 0.32513809 	-0.000575066 	nan 	nan 	nan 	 0.21348 	 0.02947
61307 	 0.18305126 	 0.32361510 	-0.001316071 	nan 	nan 	nan 	 0.18801 	 0.01608
61308 	 0.18011533 	 0.32214484 	-0.003364563 	nan 	nan 	nan 	 0.21084 	 0.04149
61309 	 0.17999197 	 0.32176078 	-0.004003525 	nan 	nan 	nan 	 0.20433 	 0.03106
